12021018
12211060
12221001
12221002
12221003
12221004
12221005
12221006
12221008
12221011
12221012
12221013
12221014
12221015
12221016
12221019
12221020
12221021
12221022
12221023
12221024
12221025
12221026
12221027
12221029
12221032
12221034
12221035
12221036
12221037
12221038
12221040
12221041
12221042
12221043
12221044
12221047
12221048
12221049
12221050
12221051
12221052
12221053
12221054
12221055
12221056
12221057
12221059
12221060
12221062
12221107
12221063
12221064
12221067
12221069
12221070
12221076
12221077
12221079
12221081
12221082
12221083
12221084
12221085
12221088
12221089
12221090
12221093
12221094
12221096
12221100
12221102
12221103
12221104
12221105
12221106
12221108
12221110
12221111
12221112
12221113
12221114
12221116
12221117
12221118
12221119
12221120
12221121
12221122
12221123
12221124
12221125
12221128
12221130
12221131
12221132
132221007