2003764205206896640 2
2003764205206896640 3
2003764205206896640 4
2003764205206896640 5
2003764205206896640 6
2003764205206896640 7
2003764205206896640 8
2003764205206896640 9
2003764205206896640 10
2003764205206896640 11
2003764205206896640 12
2003764205206896640 13
2003764205206896640 14
2003764205206896640 15
2003764205206896640 16
2003764205206896640 17
2003764205206896640 18
2003764205206896640 19
2003764205206896640 20
2003764205206896740 2
2003764205206896740 3
2003764205206896740 4
2003764205206896740 5
2003764205206896740 6
2003764205206896740 7
2003764205206896740 8
2003764205206896740 9
2003764205206896740 10
2003764205206896740 11
2003764205206896740 12
2003764205206896740 13
2003764205206896740 14
2003764205206896740 15
2003764205206896740 16
2003764205206896740 17
2003764205206896740 18
2003764205206896740 19
2003764205206896740 20
2003764205206896840 2
2003764205206896840 3
2003764205206896840 4
2003764205206896840 5
2003764205206896840 6
2003764205206896840 7
2003764205206896840 8
2003764205206896840 9
2003764205206896840 10
2003764205206896840 11
2003764205206896840 12
2003764205206896840 13
2003764205206896840 14
2003764205206896840 15
2003764205206896840 16
2003764205206896840 17
2003764205206896840 18
2003764205206896840 19
2003764205206896840 20
2003764205206896940 2
2003764205206896940 3
2003764205206896940 4
2003764205206896940 5
2003764205206896940 6
2003764205206896940 7
2003764205206896940 8
2003764205206896940 9
2003764205206896940 10
2003764205206896940 11
2003764205206896940 12
2003764205206896940 13
2003764205206896940 14
2003764205206896940 15
2003764205206896940 16
2003764205206896940 17
2003764205206896940 18
2003764205206896940 19
2003764205206896940 20
2003764205206897040 2
2003764205206897040 3
2003764205206897040 4
2003764205206897040 5
2003764205206897040 6
2003764205206897040 7
2003764205206897040 8
2003764205206897040 9
2003764205206897040 10
2003764205206897040 11
2003764205206897040 12
2003764205206897040 13
2003764205206897040 14
2003764205206897040 15
2003764205206897040 16
2003764205206897040 17
2003764205206897040 18
2003764205206897040 19
2003764205206897040 20
2003764205206897140 2
2003764205206897140 3
2003764205206897140 4
2003764205206897140 5
2003764205206897140 6
2003764205206897140 7
2003764205206897140 8
2003764205206897140 9
2003764205206897140 10
2003764205206897140 11
2003764205206897140 12
2003764205206897140 13
2003764205206897140 14
2003764205206897140 15
2003764205206897140 16
2003764205206897140 17
2003764205206897140 18
2003764205206897140 19
2003764205206897140 20
2003764205206897240 2
2003764205206897240 3
2003764205206897240 4
2003764205206897240 5
2003764205206897240 6
2003764205206897240 7
2003764205206897240 8
2003764205206897240 9
2003764205206897240 10
2003764205206897240 11
2003764205206897240 12
2003764205206897240 13
2003764205206897240 14
2003764205206897240 15
2003764205206897240 16
2003764205206897240 17
2003764205206897240 18
2003764205206897240 19
2003764205206897240 20
2003764205206897340 2
2003764205206897340 3
2003764205206897340 4
2003764205206897340 5
2003764205206897340 6
2003764205206897340 7
2003764205206897340 8
2003764205206897340 9
2003764205206897340 10
2003764205206897340 11
2003764205206897340 12
2003764205206897340 13
2003764205206897340 14
2003764205206897340 15
2003764205206897340 16
2003764205206897340 17
2003764205206897340 18
2003764205206897340 19
2003764205206897340 20
2003764205206897440 2
2003764205206897440 3
2003764205206897440 4
2003764205206897440 5
2003764205206897440 6
2003764205206897440 7
2003764205206897440 8
2003764205206897440 9
2003764205206897440 10
2003764205206897440 11
2003764205206897440 12
2003764205206897440 13
2003764205206897440 14
2003764205206897440 15
2003764205206897440 16
2003764205206897440 17
2003764205206897440 18
2003764205206897440 19
2003764205206897440 20
2003764205206897540 2
2003764205206897540 3
2003764205206897540 4
2003764205206897540 5
2003764205206897540 6
2003764205206897540 7
2003764205206897540 8
2003764205206897540 9
2003764205206897540 10
2003764205206897540 11
2003764205206897540 12
2003764205206897540 13
2003764205206897540 14
2003764205206897540 15
2003764205206897540 16
2003764205206897540 17
2003764205206897540 18
2003764205206897540 19
2003764205206897540 20